空白のない文字列を書いて0を付けるとコメントになる 0

ARTONF 5 512570
PMMA   5 490580
PC     5 580300
ZEONEX_480R 5 525560

NOA61  7 1.5375  0.00829045  -2.11046e-4
(Norland社のホームページより) 0
balsam 4 1.52 0
HV153 5 630270

B-370  4 1.500  0
B-390  4 1.524  0
B-410  5 468670
B-440  4 1.552  0 
B-460  4 1.532  0
B-480  5 538530
G-530  4 1.578  0
G-533  4 1.543  0
G-545  4 1.582  0
G-550  5 529580
HA-30  5 524690
HA-50  5 524690
ND-03  4 1.514  0
ND-13  4 1.512  0
ND-25  5 507590
ND-40  5 504610
ND-50  5 504620
ND-70  5 500630
L-37   5 582410
L-38   5 555470
L-39   5 588410
L-42   5 528570
Y-44   5 535590
Y-48   5 528570
Y-50   5 541570
Y-52   4 1.544  0
O-54   4 1.531  0
O-56   4 1.530  0
O-58   4 1.528  0
R-60   4 1.534  0
R-62   4 1.529  0
R-64   4 1.528  0
R-66   4 1.549  0
R-70   4 1.548  0
R-72   4 1.549  0
IR-76  4 1.552  0
IR-80  4 1.551  0
IR-83  4 1.570  0 
IR-85  4 1.574  0
RM-90  4 1.580  0
RM-100 4 1.606  0
RT-830 4 1.549  0
LB-120 5 512580
V-30   5 688540

BG23   4 1.52   0
GG495  4 1.54   0
OG515  4 1.54   0

MgF2  4 1.38 0 
Al2O3 4 1.65 0
ZrO2  4 2    0
TiO2  4 2.3  0
PbF2  4 1.75 0
HfO2  4 1.95 0
OH-2  4 2.1  0
OM-4  4 1.64 0
Ta2O5 4 2.15 0
SiO2_1.48 4 1.48 0

***光学薄膜フィルターデザイン(小檜山)よりSellmeier分散式*** 0
Al2O3s 3 1.59421 0 0 1.44333e-2 0 0
MgF2s  3 0.86287 0 0 1.15487e-2 0 0
SiO2s  3 1.10927 0 0 1.07823e-2 0 0
Ta2O5s 3 3.32890 0 0 2.38301e-2 0 0
TiO2s  3 3.35439 0 0 5.80782e-2 0 0
ZrO2s  3 2.71485 0 0 4.51320e-2 0 0
H4     3 2.96793 0 0 2.34286e-2 0 0
M2     3 1.78804 0 0 1.70594e-2 0 0
OH5    3 3.10687 0 0 2.81111e-2 0 0

***IAD屈折率(製造一課より)*** 0
TiO2(IAD) 7 2.266566 0.02062689  6.29e-3
SiO2(IAD) 7 1.457341 0.003417464 0

SiO2  3
.6961663    .4079426     .8974794  
.004679148  .013512063   97.93400254
CaF2  1
2.0390697     -3.2879595e-3  6.0141453e-3
7.7727360e-5  -1.0552817e-6  3.7688482e-8

***水(20℃)理科年表より*** 0
water 1
1.7611476 -0.01303012  0.007033754
-3.178e-5  1.16018e-5 -2.1878e-7

******光ガラス**** 0
J-BAK1 9
2.43258691
-8.22086723e-3 -9.21764324e-5 1.43187501e-2 1.59799832e-4
 8.58344462e-6 -1.00538104e-7 0 0

******SCHOTT****** 0
B270   5 523585
BaK50 1
2.4195494     -9.5312125e-3  1.3775289e-2
1.8153631e-4   4.6618943e-6  2.0448919e-8
N-BK7 3
1.03961212     0.231792344   1.01046945
0.00600069867  0.0200179144  103.560653
N-LAK22 3
1.14229781     0.535138441   1.04088385
0.00585778594  0.0198546147  100.834017
N-BAF4 3
1.42056328     0.102721269   1.14380976
0.00942015382  0.0531087291  110.278856
N-BAF10 3
1.5851495      0.143559385   1.08521269
0.00926681282  0.0424489805  105.613573
N-BAF52 3
1.43903433     0.0967046052  1.09875818
0.00907800128  0.050821208   105.691856
N-PSK3 3
0.88727211     0.489592425   1.04865296
0.00469824067  0.0161818463  104.374975
N-F2 3
1.39757037     0.159201403   1.2686543
0.00995906143  0.0546931752  119.248346
N-SF10 3
1.62153902    0.256287842   1.64447552
0.0122241457  0.0595736775  147.468793
N-SF6 3
1.77931763  0.338149866  2.08734474
0.0133714182  0.0617533621  174.01759
BK7  1
2.2718929     -1.0108077e-2  1.0592509e-2
2.0816965e-4  -7.6472538e-6  4.9240991e-7
LaSFN9 1
3.2994326     -1.1680436e-2  4.0133103e-2
1.3263988e-3  4.7438783e-6   7.8507188e-6
LaSFN30 1
3.1731314     -1.4823958e-2  2.6862762e-2
6.9283981e-4  -1.2265479e-5  1.7263354e-6
LaKN22 1
2.6775139     -1.0439699e-2   1.7312971e-2
2.3622943e-4   8.1681533e-6  -1.3539324e-7
PK50 1
2.2851698     -9.5978829e-3  9.9950907e-3
1.5661848e-4  -4.3866422e-6  3.1438773e-7
N-PSK53A 3
1.38121836     0.196745645   0.886089205
0.00706416337  0.0233251345  97.4847345
SF56A 3
1.70579259     0.344223052   1.09601828
0.0133874699   0.0579561608  121.616024
SFL6 1
3.1206868     -1.3279387e-2   4.1905574e-2
2.7505904e-3  -1.5173832e-4   2.5644487e-5
SFL56 1
3.0549693     -1.2858387e-2  4.0081007e-2
2.3376489e-3  -1.0682651e-4  2.1446850e-5
SSKN8 1
2.5670599     -9.8663081e-3   1.7078368e-2
5.0554082e-4  -2.1403288e-5   2.4582991e-6

******SUMITA****** 0
K-CaFK95 1
2.0408226     -4.5471403e-3  5.8631038e-3
1.2966471e-4  -1.1902639e-5  6.9279944e-7
K-LaFK55 1
2.8185206     -1.3230603e-2  1.8037587e-2
4.5589602e-4  -2.1316720e-5  1.5724724e-6
K-LaFK58 1
2.8262526     -1.2785561e-2  1.7234088e-2
4.4361050e-4  -2.0762175e-5  1.2592648e-6
K-LaFK60 1
2.6248172     -1.0251149e-2  1.4379300e-2
2.4017461e-4  -1.0419010e-6  1.0237991e-7
K-LaFK60(mold) 1
2.6116320    -1.0190816e-2   1.4588063e-2
1.5871757e-4  1.1813914e-5  -6.2853771e-7
K-CD45 1
2.7807680    -1.1432782e-2  2.8238670e-2
9.2607120e-4  5.9615098e-6  5.5996227e-6
K-CD120 1
2.8630662     -1.1977981e-2  3.2706279e-2
1.6821116e-3  -7.4783483e-5  1.4696883e-5
K-CSK120 1
2.4804566     -1.0719770e-2  1.3563200e-2
3.4918608e-4  -2.3041786e-5  1.5937217e-6
K-PMK30 1
2.2984199     -9.8977917e-3   1.0454435e-2
-1.1762246e-5  2.2206780e-5  -1.2212713e-6
K-PSK100 1
2.4948235     -9.1228463e-3   1.3721276e-2
2.3830265e-4   4.1915859e-6  -3.8958137e-7
K-PSK200 1
2.5593395     -8.8787219e-3   1.5115397e-2
2.0356510e-4   7.5991137e-6  -1.5375246e-7
K-PSK300 1
2.5225158     -9.4326823e-3   1.2761452e-2
2.8145417e-4  -8.1267471e-6   2.3400154e-7
P-BK40  1
2.2735478     -1.0246004e-2  1.1125548e-2
7.1357164e-5  1.3279862e-5   -7.5548313e-7
K-PBK40 1
2.2744024     -1.0702890e-2   1.0577306e-2
2.2857431e-4  -7.2914225e-6   2.4124054e-7
K-PBK50 1
2.2879519     -1.0513752e-2  1.0963175e-2
2.7027054e-4  -1.7054549e-5  1.0857039e-6
K-PFK80 1
2.2178347     -5.5966846e-3  8.3703747e-3
1.0974850e-4  -3.3983937e-6  2.5836351e-7
K-PFK85 1
2.1858326     -5.0155632e-3  7.5107775e-3
1.7770562e-4  -1.2164148e-5  6.1341005e-7
K-PFK90 1
2.1094643     -4.8026812e-3   6.7645351e-3
8.3329962e-5   3.4196126e-7  -8.4933854e-8
K-PSFn3 1
3.2268914     -1.4590158e-2  4.7763869e-2
2.7173637e-3  -9.5689164e-5  2.7097845e-5
P-SK11  1
2.4159800     -9.1925712e-3  1.2781645e-2
2.2915227e-4  -1.6688365e-6  3.1925636e-7
P-SK50  1
2.5004685     -8.4722286e-3  1.4421864e-2
6.0030127e-5  1.7411953e-5   -5.7575039e-7
P-SK60  1
2.4920736     -8.4511712e-3  1.4152053e-2
1.9750053e-5  2.5611536e-5   -1.1935961e-6
P-SK100  1
2.4921131      -7.7271083e-3  1.5520581e-2
-2.8929892e-4  7.4178536e-5   -3.8093693e-6
VC78  1
2.7351361     -1.1822071e-2  1.8279111e-2
1.7985842e-4  1.6773012e-5   -5.3070611e-7
K-VC78 1
2.7376882     -1.2269245e-2  1.7439403e-2
4.7088707e-4  -2.7150134e-5  1.8172045e-6
VC79  1
2.5493930     -1.0966263e-2  1.4872612e-2
3.1043762e-4  -9.0553419e-6  6.7268873e-7
K-VC79 1
2.5520489     -1.1234947e-2  1.4455084e-2
4.6725318e-4  -3.6714004e-5  2.2810504e-6
K-VC80 1
2.8135722    -1.2577591e-2   1.9933465e-2
1.5711222e-4  4.0676176e-5  -2.4977604e-6
K-VC82 1
3.0092545     -1.4428442e-2  2.4950143e-2
6.5325890e-4  -1.7536585e-5  2.6440099e-6
K-VC89 1
3.1860388     -1.3756822e-2  2.9614017e-2
1.2383727e-3  -8.0134175e-5  7.2330635e-6
CaFK95 1
2.0390129      -3.6337186e-3  7.0961940e-3
-2.4252386e-4  3.8875462e-5   -1.8511401e-6

K-PSFn1(anneal)  8 1.90368 21.25
K-PSFn3(anneal)  8 1.83694 23.92
K-VC89(anneal)   8 1.80781 40.96
K-LaFK50(anneal) 8 1.77041 49.90
K-VC82(anneal)   8 1.75278 45.51
K-LaFK55(anneal) 8 1.69092 56.00
K-VC80(anneal)   8 1.69186 53.30
K-VC78(anneal)   8 1.66791 55.24
K-PG395(anneal)  8 1.65529 36.90
K-LaFK60(anneal) 8 1.63041 63.42
K-PSK200(anneal) 8 1.61147 59.10
K-VC79(anneal)   8 1.60804 58.19
K-GFK68(anneal)  8 1.59138 68.93
K-PSK100(anneal) 8 1.58944 60.83
K-CSK120(anneal) 8 1.58580 59.35
K-GFK70(anneal)  8 1.56825 71.48
K-PG375(anneal)  8 1.54059 62.86
K-PMK30(anneal)  8 1.52171 70.31
K-PBK50(anneal)  8 1.52199 62.07
K-PBK40(anneal)  8 1.51670 63.48
K-PG325(anneal)  8 1.50569 70.53
K-PFK80(anneal)  8 1.49633 81.37
K-PFK85(anneal)  8 1.48476 85.35
K-CaFK95(anneal) 8 1.43372 95.30


******HOYA****** 0
BSC7 1
2.2702566     -9.1988101e-3  1.1609706e-2
-7.6123911e-5  2.8558727e-5 -1.2566486e-6
BAF10 1
2.732462      -1.24905e-2    1.856233e-2
9.999054e-4   -6.83886e-5    4.925793e-6
E-FD10 1
2.8815180     -1.3228312e-2  3.1455590e-2
2.6851666e-3  -2.2577544e-4  2.4693268e-5
MC-TAF401 1
3.0727900     -1.3663850e-2  2.5273460e-2
6.1218200e-4  -1.1470450e-5  1.5430000e-6


******OHARA****** 0
S-FPL51  3
1.17010505     4.75710783e-2  7.63832445e-1
6.16203924e-3  2.63372876e-2  1.41882642e2
S-FPL52  3
1.08053735     2.09392205e-2   1.33017772  
6.82878453e-3  -2.97206675e-2  2.72281522e2
S-FPL53  3
1.04505995     8.16073868e-3   2.71674055  
6.29473266e-3  -5.67620722e-2  6.35803555e2
S-FPL55 3
8.39067682e-1  2.14083503e-1   1.47914677
7.95286639e-3  -2.32581717e-3  3.40043700e2
S-FPM2 3
7.61242785e-1  7.47033375e-1  9.38928947e-1
3.21174095e-3  1.40234423e-2  1.39523530e2
S-FPM3 3
8.09407286e-1  5.27007033e-1  9.09127704e-1
3.76072389e-3  1.35654895e-2  1.42503612e2
S-FSL5  3
1.17447043     1.40056154e-2   1.19272435  
8.41855181e-3  -5.81790767e-2  1.29599726e2
S-BSL7  3
1.15150190     1.18583612e-1   1.26301359  
1.05984130e-2  -1.18225190e-2  1.29617662e2
S-BSM2  3
8.67168676e-1  6.72848343e-1  1.18456107  
3.69311003e-3  1.81652804e-2  1.32376147e2
S-BSM4  3
9.62443080e-1  5.95939234e-1  1.10558352  
4.68062141e-3  1.78772082e-2  1.15896432e2
S-BSM9  3
1.37020077     1.89397267e-1  1.24202324
7.57631457e-3  3.00787515e-2  1.31350111e2
S-BSM10  3
9.45443081e-1  6.43237376e-1  1.17752968  
1.57263798e-2  1.61924066e-3  1.21361748e2
S-BSM14  3
1.28286270     2.47647429e-1   1.10383999  
1.22902399e-2  -6.13142361e-3  1.06883378e2
S-BSM15  3
9.53128328e-1  6.37613977e-1  1.65245647  
3.87638985e-3  1.85094632e-2  1.59442367e2
S-BSM16  3
1.14490383     4.39563911e-1   1.27688079  
1.37034916e-2  -1.86514205e-3  1.19535585e2
S-BSM18  3
9.27886025e-1  7.08858526e-1  1.18610897
4.17549199e-3  1.84691838e-2  1.22210416e2
S-BSM22  3
1.44305741     1.40786358e-1  1.26093951
8.19208910e-3  3.56911455e-2  1.31959337e2
S-BSM25  3
1.34814257     3.47530319e-1  1.38798368  
6.95364366e-3  2.77863478e-2  1.42138122e2
S-BSM28  3
1.43822841     1.28100017e-1   1.34355530  
8.59779750e-3  4.08617854e-2   1.43709890e2
S-BSM71  3
1.50847885     1.58099826e-1  1.36815368  
8.12769076e-3  3.54200898e-2  1.36110038e2
S-BSM81  3
9.96356844e-1  6.51392837e-1  1.22432622
1.44821587e-2  1.54826389e-3  8.99818604e1
S-NSL3  3
8.82514764e-1  3.89271907e-1  1.10693448  
4.64504582e-3  2.00551397e-2  1.36234339e2
S-NSL5  3
1.04574577     2.39613026e-1  1.15906850  
5.85232280e-3  2.36858752e-2  1.31329061e2
S-NSL36  3
1.09666153     1.68990073e-1  1.20580827  
6.67491123e-3  3.36095450e-2  1.41668738e2
S-BAL2  3
1.30923813     1.14137353e-1  1.17882259  
8.38873953e-3  3.99436485e-2  1.40257892e2
S-BAL3  3
1.29366890     1.32440252e-1  1.10197293  
8.00367962e-3  3.54711196e-2  1.34517431e2
S-BAL11  3
8.21314256e-1  6.12586478e-1  1.24859637  
3.51436131e-3  1.79762375e-2  1.33456670e2
S-BAL12  3
7.14605258e-1  6.21993289e-1  1.22537681  
3.01763913e-3  1.66505450e-2  1.43506314e2
S-BAL14  3
1.27553696     1.46083393e-1  1.16754699  
7.49692359e-3  3.10421530e-2  1.28947092e2
S-BAL35  3
9.41357273e-1  5.46174895e-1  1.16168917  
1.40333996e-2  9.06635683e-4  1.14163758e2
S-BAL41  3
1.24344200     1.66301104e-1   1.10586114  
1.16396708e-2  -8.90464938e-3  1.14111220e2
S-BAL42  3
1.39570615     7.18505070e-2   1.27129267  
1.12218843e-2  -2.52117422e-2  1.34497860e2
S-BAM3  3
1.36955358     8.53825867e-2  1.16159771
9.41331434e-3  5.04359027e-2  1.30548899e2
S-BAM4  3
1.41059317     1.11201306e-1  1.34148939  
9.63312192e-3  4.98778210e-2  1.52237696e2
S-BAM12  3
1.50161605     1.26987445e-1  1.43544052  
9.40761826e-3  4.72602195e-2  1.41666499e2
S-BAH10  3
1.59034337     1.38464579e-1  1.21988043  
9.32734340e-3  4.27498654e-2  1.19251777e2
S-BAH11  3
1.57138860     1.47869313e-1  1.28092846  
9.10807936e-3  4.02401684e-2  1.30399367e2
S-BAH27  3
1.68939052     1.33081013e-1  1.41165515  
1.03598193e-2  5.33982239e-2  1.26515503e2
S-BAH28  3
1.69493484     1.92890298e-1  1.56385948  
1.02723190e-2  5.21187640e-2  1.37818035e2
S-BAH32  3
1.58023630     1.37504632e-1  1.60603298
1.03578062e-2  5.48393088e-2  1.47982885e2
S-PHM52  3
1.09966550     4.78125422e-1   1.13214074  
1.32718559e-2  -6.01649685e-4  1.30595472e2
S-PHM53  3
1.09775423     4.34816432e-1   1.13894976  
1.23369400e-2  -3.72522903e-4  1.24276984e2
S-TIL1  3
1.25088944     9.97973327e-2  1.20583504  
8.83921279e-3  4.82685052e-2  1.37414953e2
S-TIL2  3
1.23401499     9.59796833e-2  1.20503991  
8.69507801e-3  4.65611429e-2  1.37953301e2
S-TIL6  3
1.17701777     1.27958030e-1  1.34740124  
7.71087686e-3  4.11325328e-2  1.54531692e2
S-TIL25  3
1.32122534     1.23824976e-1  1.43685254  
9.52091436e-3  5.16062665e-2  1.49064883e2
S-TIL26  3
1.31066488     9.41903094e-2  1.23292644
9.68897812e-3  5.27763106e-2  1.33296422e2
S-TIL27  3
1.31433154     1.12300168e-1  1.41390100  
9.50404477e-3  5.24112772e-2  1.48429972e2
S-TIM1  3
1.44963830     1.22986408e-1  1.38066723  
1.12094282e-2  5.96265770e-2  1.38178326e2
S-TIM2  3
1.42193846     1.33827968e-1  1.45060574  
1.07291511e-2  5.72587546e-2  1.45381805e2
S-TIM3  3
1.40691144     1.28369745e-1  1.51826191
1.05633641e-2  5.68483105e-2  1.52107924e2
S-TIM5  3
1.38531342     1.22372945e-1  1.40508326  
1.04074567e-2  5.57440088e-2  1.44878733e2
S-TIM8  3
1.37262713     1.12636276e-1  1.39786421  
1.03220068e-2  5.50195044e-2  1.47735609e2
S-TIM22  3
1.44222294     1.94432265e-1  1.74092482  
1.04249404e-2  5.50235257e-2  1.69710769e2
S-TIM25  3
1.50659233     2.04786135e-1  1.92036668  
1.09501562e-2  5.74980285e-2  1.78128535e2
S-TIM27  3
1.41680470     1.96785057e-1  1.68001322  
1.00732158e-2  5.37616908e-2  1.64672436e2
S-TIM28  3
1.54270810     2.17113891e-1  1.81904459  
1.13925005e-2  5.79224572e-2  1.67697189e2
S-TIM35  3
1.55849775     2.30767007e-1  1.84436099  
1.15367235e-2  5.86095947e-2  1.62981888e2
S-TIM39  3
1.47008105     2.24752746e-1  2.44968592  
1.02900432e-2  5.41276904e-2  2.37434940e2
S-TIH1  3
1.60326759     2.42980935e-1  1.81313592
1.18019139e-2  5.91363658e-2  1.61218747e2
S-TIH3  3
1.64797648     2.67261917e-1  2.19772845
1.21917693e-2  5.97893039e-2  1.92158340e2
S-TIH4  3
1.66755531     2.94411865e-1  2.49422119  
1.22052137e-2  5.97775329e-2  2.14869618e2
S-TIH6  3
1.77227611     3.45691250e-1  2.40788501  
1.31182633e-2  6.14479619e-2  2.00753254e2
S-TIH10  3
1.61549392     2.62433239e-1  2.09426189  
1.19830897e-2  5.96510240e-2  1.81657554e2
S-TIH11  3
1.72677471     3.24568628e-1  2.65816809  
1.29369958e-2  6.18255245e-2  2.21904637e2
S-TIH13  3
1.62224674     2.93844589e-1  1.99225164  
1.18368386e-2  5.90208025e-2  1.71959976e2
S-TIH14  3
1.68915108     2.90462024e-1  2.37971516  
1.28202514e-2  6.18090841e-2  2.01094352e2
S-TIH18  3
1.59921608     2.59532164e-1  2.12454543  
1.16469304e-2  5.84824883e-2  1.86927779e2
S-TIH23  3
1.73986485     3.13894918e-1  2.31093206  
1.29441300e-2  6.12116868e-2  1.97420482e2
S-TIH53  3
1.85454333     3.94409414e-1  3.18098880  
1.39376638e-2  6.27537748e-2  2.47484822e2
S-LAL7  3
9.16121247e-1  7.65948319e-1  1.27745023  
3.95889743e-3  1.67547425e-2  1.10762706e2
S-LAL8  3
1.30663291     5.71377253e-1  1.24303605  
6.11862448e-3  2.12721470e-2  9.06285686e1
S-LAL9  3
1.16195687     6.44860099e-1  1.25062221  
1.59659509e-2  5.05502467e-4  9.38284169e1
S-LAL10  3
1.52812575     3.67965267e-1  1.11751784
7.76817644e-3  2.72026548e-2  8.88697400e1
S-LAL12  3
9.92053895e-1  7.71377731e-1  1.18296264  
1.67095063e-2  2.36750156e-3  1.05901080e2
S-LAL13  3
9.80071267e-1  8.32904776e-1  1.28111995  
3.89123698e-3  1.89164592e-2  9.89052676e1
S-LAL14  3
1.23720970     5.89722623e-1   1.31921880  
1.53551320e-2  -3.07896250e-4  9.37202947e1
S-LAL18  3
1.50276318     4.30224497e-1   1.34726060  
1.45462356e-2  -3.32784153e-3  9.33508342e1
S-LAL54  3
1.41910189     2.58416881e-1  1.07385537  
7.26647428e-3  2.63842499e-2  1.02555463e2
S-LAL56  3
1.54052000     2.17748704e-1  1.30456122  
8.26765101e-3  3.28533726e-2  1.24527479e2
S-LAL58  3
1.06368789     7.44939067e-1  1.59178942
1.85199640e-2  1.16295862e-3  1.56636025e2
S-LAL59  3
1.13962742     8.05227838e-1  1.29488061  
4.93294862e-3  2.02479960e-2  9.34746507e1
S-LAL61  3
1.11073292     8.59347773e-1  1.26707433  
4.64181248e-3  1.92989261e-2  8.73917698e1
S-LAM2  3
1.77130000     1.95814230e-1  1.19487834  
9.76652444e-3  4.12718628e-2  1.10458122e2
S-LAM3  3
1.64258713     2.39634610e-1  1.22483026  
8.68246020e-3  3.51226242e-2  1.16604369e2
S-LAM7  3
1.71014712     2.56943292e-1  1.63986271
1.05161080e-2  5.02809636e-2  1.46181217e2
S-LAM51  3
1.63847200     1.88330533e-1  1.47502357  
9.04853452e-3  3.72740173e-2  1.37770050e2
S-LAM52  3
1.73442942     1.51553910e-1  1.46225433  
1.00690928e-2  4.70634701e-2  1.40084396e2
S-LAM54  3
1.84213306     1.75468631e-1  1.25750878  
9.43993220e-3  3.95281122e-2  8.65463013e1
S-LAM55  3
1.85412979     1.65450323e-1  1.27255422  
1.08438152e-2  5.14050980e-2  1.09986837e2
S-LAM58  3
1.70984856     1.73342897e-1  1.64833565
1.00852127e-2  4.70890831e-2  1.57468520e2
S-LAM59  3
1.63056133     1.86994897e-1  1.30014289
8.99690705e-3  3.68011993e-2  1.22239544e2
S-LAM60  3
1.60673056     3.66415640e-1  1.31761804  
7.75046140e-3  2.89967611e-2  9.30720709e1
S-LAM61  3
1.73883330     1.50937430e-1  1.12118445
9.80244105e-3  4.33179685e-2  1.01214625e2
S-LAM66  3
1.92094221     2.19901208e-1  1.72705231  
1.15075241e-2  5.47993543e-2  1.20133674e2
S-LAH51  3
1.82586991     2.83023349e-1  1.35964319  
9.35297152e-3  3.73803057e-2  1.00655798e2
S-LAH52  3
1.85390925     2.97925555e-1  1.39382086  
9.55320687e-3  3.93816850e-2  1.02706848e2
S-LAH53  3
1.91811619     2.53724399e-1  1.39473885  
1.02147684e-2  4.33176011e-2  1.01938021e2
S-LAH55  3
1.95615766     3.19216215e-1  1.39173189
9.79338965e-3  3.76836296e-2  9.48775271e1
S-LAH58  3
1.78764964     6.52635600e-1  1.79914564  
8.47378536e-3  3.13126408e-2  1.32788001e2
S-LAH59  3
1.51372967     7.02462343e-1  1.33600982  
7.05246901e-3  2.49488689e-2  1.00085908e2
S-LAH60  3
1.95243469     3.07100210e-1  1.56578094  
1.06442437e-2  4.56735302e-2  1.10281410e2
S-LAH63  3
1.89458276     2.68702978e-1  1.45705526  
1.02277048e-2  4.42801243e-2  1.04874927e2
S-LAH64  3
1.83021453     2.91563590e-1  1.28544024  
9.04823290e-3  3.30756689e-2  8.93675501e1
S-LAH65  3
1.68191258     4.93779818e-1  1.45682822  
7.76684250e-3  2.88916181e-2  9.92574356e1
S-LAH66  3
1.39280586     6.79577094e-1  1.38702069  
6.08475118e-3  2.33925351e-2  9.58354094e1
S-LAH71  3
1.98280031     3.16758450e-1  2.44472646
1.18987459e-2  5.27156001e-2  2.13220697e2
S-LAH79  3
2.32557148     5.07967133e-1  2.43087198
1.32895208e-2  5.28335449e-2  1.61122408e2
S-LAH89  3
1.95118827     3.77607223e-1  1.47757262
9.76560799e-3  3.82232043e-2  1.12236720e2
S-LAH97  3
1.02730180     9.89293564e-1  1.25781057
1.83406129e-2  3.71264195e-3  8.78510500e1
S-YGH51  3
1.08280170     9.33988681e-1  1.32367286  
1.81156360e-2  3.04157575e-3  9.10353195e1
S-FTM16  3
1.32940907     1.41512125e-1  1.44299068  
1.02377287e-2  5.78081956e-2  1.50597139e2
S-NPH1  3
1.75156623     3.64006304e-1  2.47874141  
1.35004681e-2  6.68245147e-2  1.70756006e2
S-NPH2  3
2.03869510     4.37269641e-1  2.96711461
1.70796224e-2  7.49254813e-2  1.74155353e2
S-NPH5  3
1.89108996     3.95220126e-1  2.20492127
1.41164499e-2  6.62834445e-2  1.48680700e2
S-NBM51  3
1.37023101     1.77665568e-1  1.30515471
8.71920342e-3  4.05725552e-2  1.12703058e2
S-NBH5  3
1.47544521     1.93060095e-1  1.50939010
9.55836740e-3  4.60430483e-2  1.26422746e2
S-NBH8  3
1.61344136     2.57295888e-1  1.98364455
1.06386752e-2  4.87071624e-2  1.59784404e2
S-NBH51  3
1.71203689     2.55989588e-1  1.81456998
1.07724131e-2  4.88593504e-2  1.36359013e2
S-NBH52V 3
1.51336868     2.12341478e-1  1.54149143
9.87077827e-3  4.62843662e-2  1.26978510e2
S-NBH53  3
1.65828340     2.63275666e-1  2.10142759
1.13872516e-2  5.22108137e-2  1.65523649e2
S-NBH53V 3
1.65444141     2.67453927e-1  2.14530347
1.12485533e-2  5.20272740e-2  1.67366100e2
S-NBH55  3
1.83145156     2.87818024e-1  2.15208300
1.22443139e-2  5.73877310e-2  1.86099124e2
S-NBH56  3
1.85191438     4.31102852e-1  3.45278284
1.32732620e-2  5.85944644e-2  2.39357089e2
S-NBH58 3
1.71408219     3.62966167e-1  2.56486266
1.16812775e-2  5.40847347e-2  1.88785700e2


***OHARA_低Tg******* 0
L-BSL7  3
9.17473918E-01	3.52687665E-01	1.05579788E+00
5.27701411E-03	1.70809497E-02	1.04302583E+02
L-PHL1  3
1.07570798E+00	3.35020347E-01	8.10997558E-01
5.91654042E-03	2.03432769E-02	1.06182158E+02
L-PHL2  3
1.08137176E+00	3.13257660E-01	8.79192863E-0
5.94210177E-03	1.98011567E-02	1.09893817E+02
L-BAL35  3
1.16262630E+00	3.25661051E-01	1.35132486E+00
1.25957437E-02	-3.26911050E-03	1.19214596E+02
L-BAL42  3
1.39528097E+00	7.25519520E-02	1.66335848E+00
1.11862030E-02	-2.46748575E-02	1.67717958E+02
L-BAL43  3
1.04745291E+00	4.28452873E-01	1.14111303E+00
5.63209756E-03	1.88321416E-02	1.14197069E+02
L-TIM28  3
1.58039099E+00	1.78294323E-01	1.14876204E+00
1.25270147E-02	6.02807505E-02	1.16215055E+02
L-TIH53  3
1.83464643E+00	4.15079602E-01	2.82563492E+00
1.34992001E-02	6.18608854E-02	2.01629170E+02
L-LAL12  3
1.28516283E+00	4.78333797E-01	1.21605301E+00
6.41062082E-03	2.14815099E-02	1.00243378E+02
L-LAL13  3
1.17776146E+00	6.34591345E-01	1.20435649E+00
5.57618243E-03	2.06821469E-02	9.96322776E+01
L-LAM60  3
1.47574184E+00	4.96132743E-01	1.23796236E+00
7.36950000E-03	2.51891746E-02	9.80306651E+01
L-LAM69  3
1.74038960E+00	1.76996917E-01	1.76775413E+00
1.03398870E-02	4.84822765E-02	1.36671996E+02
L-LAM72  3
1.50483297E+00	4.33346414E-01	1.27149210E+00
7.50342330E-03	2.69009520E-02	9.57631272E+01
L-LAH53  3
1.90781372E+00	2.63500130E-01	1.28144614E+00
1.03413285E-02	4.19041155E-02	9.57068567E+01
L-LAH81  3
1.89927344E+00	2.70978866E-01	1.33163819E+00
1.02901828E-02	4.24227173E-02	1.00967566E+02
L-LAH83  3
1.82331579E+00	5.48625885E-01	1.63182855E+00
9.11468875E-03	3.28419670E-02	1.23611174E+02
L-LAH84  3
1.86267109E+00	3.15564131E-01	1.30716934E+00
1.01627115E-02	3.94096655E-02	1.03774464E+02
L-LAH85  3
1.93889988E+00	3.97879190E-01	1.49937713E+00
9.96381644E-03	3.69751140E-02	1.07951467E+02
L-LAH86  3
2.11102709E+00	3.70368094E-01	1.62687484E+00
1.20714135E-02	5.32464416E-02	1.09166396E+02
L-LAH87  3
1.44196269E+00	6.17507311E-01	1.21890079E+00
7.31826717E-03	2.45370775E-02	1.05976009E+02
L-NBH54  3
2.00722652E+00	4.42086773E-01	3.37287426E+00
1.35705124E-02	5.91808873E-02	2.19832665E+02
L-BBH1  3
2.56880110E+00	5.24272983E-01	1.40153622E+00
2.05664312E-02	8.33505887E-02	1.19738822E+02
L-BBH2  3
2.53279005E+00	5.83375125E-01	1.52992880E+00
1.86909889E-02	7.65409078E-02	1.12197368E+02


******OHARA(旧カタログ)***** 0
FK01  1
2.2184385     -5.9347504e-3  8.0764899e-3
1.6581036e-4  -8.0553319e-6  3.5839492e-7
FK02  1
2.1024866     -5.3455182e-3  6.0469928e-3
2.8496405e-4  -2.9876510e-5  1.5397520e-6
FK03  1
2.0531286     -4.3190085e-3  6.2752442e-3
-9.8512972e-6 1.3649710e-5   -8.9037944e-7
FK3  1
2.1205655     -8.9437249e-3  9.0242393e-3
1.3786285e-4  -8.2750398e-7  2.6740448e-8
FK5  1
2.1898010     -9.8715424e-3  8.1379561e-3
4.2431698e-4  -4.3722026e-5  2.3005833e-6
PKS1  1
2.2762403     -9.6874647e-3  9.2330378e-3
3.8940853e-4  -3.8018733e-5  2.0693225e-6
BK1  1
2.2513548     -9.3148277e-3  1.0704574e-2
1.2187894e-4  1.0654019e-5   -7.4428165e-7
BK3  1
2.2187568     -1.0447185e-2  9.5904498e-3
2.8540943e-4  -1.9183741e-5  9.7004548e-7
PK1  1
2.2347340     -9.7856687e-3  9.8367633e-3
2.1398416e-4  -1.4554893e-5  8.7393721e-7
PK2  1
2.2739528      -9.1160058e-3  1.2268820e-2
-3.1677862e-4  6.0075221e-5   -2.8098187e-6
K2  1
2.2641230     -8.4751211e-3  1.2235009e-2
1.9440707e-4  3.3532117e-7   3.8319936e-7
K3  1
2.2696946      -7.1500023e-3  1.3370060e-2
-2.7615084e-4  6.6054530e-5   -3.1806333e-6
K5  1
2.2843023      -8.1328625e-3  1.2409483e-2
-7.4467655e-6  2.8693704e-5   -1.2376162e-6
K7  1
2.2524157     -8.6261950e-3  1.1155352e-2
2.0721565e-4  -2.6893015e-7  3.8724966e-8
BaLK3  1
2.2753527     -9.7044007e-3  1.0204761e-2
5.8953834e-4  -5.4262617e-5  2.8312205e-6
KF3  1
2.2582399     -7.9875836e-3  1.2575688e-2
2.2130477e-4  1.0685962e-6   3.9764383e-7
KF6  1
2.2662081     -8.8952487e-3  1.2603849e-2
3.7585407e-4  -1.3858677e-5  1.2833200e-6
BaLF2  1
2.4243166     -8.5847399e-3  1.4720452e-2
5.5045609e-4  -3.1707382e-5  2.4207572e-6
BaLF3  1
2.4261745     -7.8153898e-3  1.4766240e-2
3.6690418e-4  -1.0526893e-5  1.0393686e-6
BaLF5  1
2.3550985     -8.6952235e-3  1.3797477e-2
2.7607581e-4  9.6025624e-8   6.0765812e-7
BaLF7  1
2.4787185     -8.5856348e-3  1.5210012e-2
6.0440330e-4  -3.8936391e-5  2.7124338e-6
BaK1  1
2.4338072     -9.3210518e-3  1.3973311e-2
1.8047323e-4  7.7636369e-6   -1.1848733e-7
BaK2  1
2.3391354     -9.6450533e-3  1.0722377e-2
7.1851576e-4  -6.9113009e-5  3.5434016e-6
BaK4  1
2.4219957     -9.2001613e-3  1.3740447e-2
3.4858198e-4  -1.6646492e-5  1.3137506e-6
BaK5  1
2.3876453     -9.7564209e-3  1.2546880e-2
3.8108489e-4  -2.3656347e-5  1.5068491e-6
PSK2  1
2.4288186     -1.1600847e-2  1.1085736e-2
6.3122000e-4  -6.3951229e-5  3.4400107e-6
SK5  1
2.4875253     -1.0228673e-2  1.3743059e-2
1.6625379e-4  6.2513497e-6   -2.3420409e-7
SK11  1
2.4107417     -1.0237998e-2  1.2334140e-2
3.7823785e-4  -2.5504482e-5  1.4563851e-6
SK12  1
2.4686122     -9.9937773e-3  1.3115756e-2
4.5052253e-4  -3.1570294e-5  1.7307442e-6
SK20  1
2.3982661     -1.0222781e-2  1.2110445e-2
3.7767581e-4  -2.7339021e-5  1.5701891e-6
PSK01  1
2.5759016     -1.0553544e-2  1.3895937e-2
2.6498331e-4  -1.9680543e-6  1.0989977e-7
PSK02  1
2.5782413     -8.9850999e-3  1.4069295e-2
2.5044590e-4  -3.6968898e-6  2.5223758e-7
PSK03  1
2.5332354     -9.5005403e-3  1.2923982e-2
3.0691131e-4  -1.7660009e-5  1.0516051e-6
SK2  1
2.5407840     -9.2815105e-3  1.4903206e-2
3.7790646e-4  -1.2452926e-5  7.0936023e-7
SK4  1
2.5596925     -1.0144636e-2  1.4261777e-2
4.7531992e-4  -3.1287664e-5  1.7359880e-6
SK6  1
2.5601139     -9.3711990e-3  1.5290933e-2
4.0740566e-4  -2.1956285e-5  1.5738984e-6
SK7  1
2.5432134     -1.0206800e-2  1.3983216e-2
4.5963235e-4  -3.2963243e-5  1.9413424e-6
SK9  1
2.5572168      -7.9991058e-3  1.7442514e-2
-1.1053464e-4  5.0801060e-5   -1.9633138e-6
SK10  1
2.5891109     -9.8791548e-3  1.5550474e-2
3.6642761e-4  -1.8297818e-5  1.4601532e-6
SK14  1
2.5308796     -1.0455738e-2  1.3933044e-2
3.1725721e-4  -1.6497611e-5  1.1211981e-6
SK15  1
2.5902495     -9.8868581e-3  1.5656459e-2
2.1175533e-4  5.7639445e-6   -3.1345739e-8
SK16  1
2.5859263     -1.1435101e-2  1.3872958e-2
5.1696183e-4  -3.7682934e-5  2.0584486e-6
SK18  1
2.6385199     -1.0968446e-2  1.5973950e-2
5.3519299e-4  -3.5705726e-5  2.6035403e-6
SSK2  1
2.5831837     -8.7952754e-3  1.7001899e-2
2.7897425e-4  2.7970403e-6   5.6478890e-7
SSK3  1
2.5600597     -9.7457249e-3  1.5970594e-2
6.6802115e-4  -4.4172822e-5  3.1024931e-6
SSK4  1
2.5695800     -8.6466584e-3  1.6903144e-2
7.6249440e-5  2.6138532e-5   -7.4670354e-7
SSK5  1
2.6947480     -9.5640870e-3  1.9719188e-2
1.3516953e-4  3.2505531e-5   -8.7994633e-7
SSK8  1
2.5680878     -1.0467158e-2  1.6601965e-2
5.8093478e-4  -2.3562088e-5  2.2311422e-6
SSK9  1
2.5744917     -9.7526711e-3  1.7047127e-2
5.6134017e-4  -2.4559774e-5  2.3757315e-6
LaK6  1
2.6546711     -1.2819365e-2  1.5197193e-2
5.0420821e-4  -3.4995634e-5  2.0492682e-6
SSK01  1
2.6654566     -9.3666483e-3  1.8458132e-2
1.6162509e-4  2.0907914e-5   -1.3617346e-7
LaK01  1
2.6493149     -1.4491012e-2  1.4390568e-2
5.2945530e-4  -4.1345930e-5  2.2951175e-6
LaK013  1
2.6481267     -1.1553471e-2  1.5517531e-2
5.3211731e-4  -3.3906870e-5  2.0993460e-6
LLF1  1
2.3489663     -7.5869873e-3  1.6684762e-2
1.7147637e-4  2.5194777e-5   1.8523864e-7
LLF2  1
2.3302166     -8.5474969e-3  1.4788612e-2
4.8017066e-4  -1.9221577e-5  2.1710005e-6
LLF6  1
2.3036685     -7.6028355e-3  1.4811205e-2
2.4182527e-4  4.8392964e-6   8.9395406e-7
LF1  1
2.4238569     -9.4940065e-3  1.6206639e-2
1.0105149e-3  -7.2683761e-5  5.4198492e-6
LF2  1
2.4666220     -7.6071728e-3  2.0165240e-2
2.8279173e-4  3.0879156e-5   6.6471743e-7
LF5  1
2.4465509     -9.7768464e-3  1.7531120e-2
9.5250889e-4  -5.4837761e-5  4.7303899e-6
LF6  1
2.4053230     -8.7462006e-3  1.6897999e-2
6.8383475e-4  -2.9236246e-5  3.1434256e-6
LF7  1
2.4269332     -8.9789895e-3  1.7578385e-2
7.9125417e-4  -4.3016897e-5  4.2474552e-6
F1  1
2.5743849     -1.0002464e-2  2.1663820e-2
1.3463294e-3  -8.3887231e-5  7.8154722e-6
F2  1
2.5569657     -9.7056299e-3  2.1342510e-2
1.2399367e-3  -7.4499334e-5  7.1456440e-6
F3  1
2.5365654     -9.7666537e-3  2.0606076e-2
1.1715758e-3  -6.6562189e-5  6.3146462e-6
F4  1
2.5463724     -9.3446264e-3  2.1462247e-2
1.0529890e-3  -4.8504181e-5  5.6183745e-6
F5  1
2.5078369     -8.9471520e-3  2.0469459e-2
8.9114494e-4  -3.6312577e-5  4.5477906e-6
F6  1
2.6040004     -8.9503263e-3  2.3811801e-2
9.7080592e-4  -3.0707494e-5  5.4397201e-6
F8  1
2.4842899     -8.2629825e-3  2.0412922e-2
5.9654654e-4  -4.9991757e-6  2.8060192e-6
F9  1
2.5602323     -9.5632018e-3  2.1495089e-2
8.5071191e-4  -3.3535727e-5  4.8953255e-6
F11  1
2.5613591     -1.2007390e-2  2.0780357e-2
1.4256060e-3  -1.1027477e-4  1.1477786e-5
SF2  1
2.6360314     -8.9450876e-3  2.5228056e-2
1.1120943e-3  -3.7887387e-5  6.3760973e-6
SF5  1
2.7107551     -9.2889162e-3  2.7542314e-2
1.3512557e-3  -5.4563909e-5  8.3261074e-6
SF7  1
2.6124109     -8.7316589e-3  2.4857782e-2
8.8778616e-4  -9.2640255e-6  4.5028723e-6
SF8  1
2.7577900     -8.7331797e-3  3.0379663e-2
1.1503031e-3  -1.9167784e-5  7.4745415e-6
SF15  1
2.7934634     -1.1916323e-2  2.7252732e-2
2.6477261e-3  -2.2721609e-4  2.0411942e-5
SF19  1
2.6957457     -1.0264221e-2  2.5940795e-2
1.4263975e-3  -6.8645974e-5  8.2048945e-6
SF1  1
2.8462906     -9.9448125e-3  3.1795673e-2
1.9054085e-3  -1.0489702e-4  1.3307773e-5
SF3  1
2.9157717     -1.0081700e-2  3.4098940e-2
2.1965014e-3  -1.2386955e-4  1.5766843e-5
SF4  1
2.9613790     -9.8262329e-3  3.6779565e-2
2.0712902e-3  -9.3348652e-5  1.5491439e-5
SF6  1
3.1206420     -1.1286328e-2  4.0543249e-2
3.3876996e-3  -2.4180036e-4  2.7440285e-5
SF10  1
2.8778739     -1.0244063e-2  3.3846634e-2
1.8336135e-3  -7.8721902e-5  1.4142908e-5
SF11  1
3.0523317     -1.0699896e-2  4.0026761e-2
2.7411266e-3  -1.6825655e-4  2.4539570e-5
SF13  1
2.9161406     -1.0147718e-2  3.5077729e-2
2.0869984e-3  -1.1077712e-4  1.7236453e-5
SF14  1
2.9836628     -1.2013213e-2  3.5225183e-2
3.1766736e-3  -2.5323800e-4  2.7797101e-5
SF18  1
2.8593245     -1.0210027e-2  3.1973162e-2
2.0206869e-3  -1.1399314e-4  1.4012932e-5
SFS1  1
3.4944623     -1.1841444e-2  5.8192781e-2
5.2006403e-3  -3.6676216e-4  5.3080361e-5
SFS3  1
3.0554324     -1.0867434e-2  3.8522891e-2
3.0173971e-3  -2.1294740e-4  2.4864803e-5
SFS5  1
2.9830277     -1.0435952e-2  3.6346467e-2
2.6194115e-3  -1.7513176e-4  2.1325099e-5
SF03  1
3.2498918     -1.0466366e-2  4.8000686e-2
3.1859922e-3  -1.5447369e-4  2.6258671e-5
SFS01  1
3.4968207     -1.1513305e-2  5.7943474e-2
4.9654079e-3  -3.4681447e-4  4.9500956e-5
SFS02  1
3.4684938     -1.0731638e-2  5.8252246e-2
4.6536748e-3  -3.0343050e-4  4.8216298e-5
SF05  1
2.9569821     -1.3856476e-2  3.7265687e-2
2.9140249e-3  -2.0079792e-4  2.9457220e-5
BaF3  1
2.4535270     -7.8266882e-3  1.7837022e-2
2.0775480e-4  2.4573994e-5   2.7331566e-7
BaF4  1
2.5214667     -7.9913078e-3  1.8919224e-2
5.4923502e-4  -1.1507942e-5  2.5058269e-6
BaF5  1
2.5337030     -9.0417017e-3  1.6851835e-2
5.1005408e-4  -1.7651257e-5  1.8665437e-6
BaF8  1
2.5830520     -9.8044767e-3  1.7999796e-2
6.2560828e-4  -3.0382771e-5  3.0639765e-6
BaF9  1
2.6446959     -9.4397093e-3  1.8905035e-2
5.0396096e-4  -6.9325864e-6  1.5474561e-6
BaF12  1
2.6285823     -9.0858727e-3  1.9551902e-2
6.6989278e-4  -2.5101535e-5  3.0477773e-6
BaSF3  1
2.5222179     -8.7270222e-3  2.0177286e-2
6.1839451e-4  1.8063926e-7   2.0159505e-6
BaSF5  1
2.5134818     -8.7396385e-3  1.8681902e-2
7.4708919e-4  -3.0475955e-5  3.3990399e-6
BaF10  1
2.7304591     -1.0633848e-2  1.9427563e-2
8.2098728e-4  -5.2104571e-5  4.4475343e-6
BaF11  1
2.7175669     -8.6662309e-3  2.1162880e-2
1.5307681e-4  3.2273092e-5   6.6022663e-8
BaF13  1
2.7229077     -9.9369888e-3  2.0923780e-2
6.5136672e-4  -1.9388233e-5  3.1119561e-6
BaSF2  1
2.6928266     -9.0141372e-3  2.5058968e-2
1.0140502e-3  -3.2164637e-5  5.6431441e-6
BaSF6  1
2.7137156     -9.3481462e-3  2.2190744e-2
7.4154999e-4  -2.1872211e-5  3.8210150e-6
BaSF7  1
2.8231508     -1.0908589e-2  2.3748980e-2
9.0164601e-4  -3.7131711e-5  5.4818905e-6
BaSF8  1
2.8917043     -1.2848033e-2  2.4505391e-2
1.6741172e-3  -1.1761633e-4  1.0469040e-5
BaSF10  1
2.6543867     -8.4478289e-3  2.2275774e-2
9.0008133e-4  -3.5291806e-5  4.7103195e-6
BaSF12  1
2.7177197     -9.6732356e-3  2.3018306e-2
1.0278120e-3  -5.1385381e-5  5.6442941e-6
BaF04  1
2.8027740     -1.1441428e-2  2.3830231e-2
5.7322688e-4  1.1516047e-5   1.2065896e-6
BaSF01  1
2.8219169     -9.9182972e-3  2.4393880e-2
9.9651859e-4  -4.5521985e-5  5.5512807e-6
BaSF07  1
2.8222929     -1.0636602e-2  2.4365241e-2
7.0591145e-4  -3.9506977e-6  2.9865625e-6
BaSF08  1
2.8884392     -1.0882671e-2  2.6418653e-2
1.1678492e-3  -5.2245897e-5  6.2881561e-6
LaK7  1
2.6833808     -1.2303485e-2  1.5614129e-2
4.7439815e-4  -2.7935643e-5  1.5441332e-6
LaK8  1
2.8795551     -1.4622410e-2  1.9128502e-2
6.1342737e-4  -3.5439045e-5  2.1550362e-6
LaK9  1
2.8062228     -1.3253070e-2  1.9370701e-2
1.3885534e-4  2.5965830e-5   -9.3551589e-7
LaK10  1
2.8967406     -1.2221880e-2  2.1099546e-2
6.3090904e-4  -2.8901915e-5  2.1652922e-6
LaK11  1
2.7037498     -1.1741892e-2  1.5899600e-2
6.1265364e-4  -4.6676845e-5  2.6544952e-6
LaK12  1
2.7589457      -8.7787656e-3  2.1173055e-2
-4.7262367e-4  9.6870749e-5   -4.0576545e-6
LaK13  1
2.8142520     -1.3645728e-2  1.8724991e-2
5.6380326e-4  -2.8527140e-5  1.8227195e-6
LaK14  1
2.8274666     -1.4568462e-2  1.8525487e-2
3.7485820e-4  -7.1291749e-6  6.7781934e-7
LaK18  1
2.9342390     -1.5232638e-2  1.9681690e-2
5.2343197e-4  -1.9855288e-5  1.1787472e-6
LaK02  1
2.7418702     -1.2719153e-2  1.6306977e-2
6.1414226e-4  -4.8242632e-5  2.8875864e-6
LaK04  1
2.6786604     -1.1137943e-2  1.6391023e-2
4.7317724e-4  -2.4508283e-5  1.7003664e-6
LaK06  1
2.7596566     -1.0659546e-2  1.8646689e-2
7.6127484e-4  -5.3585332e-5  3.7820929e-6
LaK08  1
2.8100803     -1.0882273e-2  1.9532170e-2
6.9881687e-4  -4.3343036e-5  3.0435709e-6
LaK09  1
2.9466133     -1.4813612e-2  2.0753291e-2
7.1087608e-4  -4.1780790e-5  2.5896668e-6
LaK010  1
2.9223334     -1.5268924e-2  2.0070735e-2
4.9690538e-4  -1.5326299e-5  1.0772354e-6
LaK011  1
2.9706808     -1.5058733e-2  2.1490548e-2
3.8566151e-4  4.1252602e-6   1.0912892e-7
LaF2  1
2.9679680     -1.1312544e-2  2.4812309e-2
6.7776202e-4  -1.0278339e-5  2.1968703e-6
LaF3  1
2.8826295     -1.0606760e-2  2.2303134e-2
5.5786284e-4  -1.1488225e-5  1.8527798e-6
LaF7  1
2.9668825     -9.8523013e-3  3.0222248e-2
1.1946548e-3  -3.2848268e-5  6.9821318e-6
LaF01  1
2.8306749     -1.2541934e-2  1.9281733e-2
1.1363902e-3  -8.8384151e-5  5.8228686e-6
LaF02  1
2.8880808     -1.1330429e-2  2.3061355e-2
1.0044851e-3  -5.6302083e-5  5.2484657e-6
LaF04  1
3.0199940     -1.5777485e-2  2.2691302e-2
9.3505681e-4  -5.6267103e-5  4.0846095e-6
LaF05  1
3.0211799     -1.2311284e-2  2.7355503e-2
1.1031515e-3  -5.0726902e-5  6.4572101e-6
LaF08  1
2.8848105     -1.1255961e-2  2.4248405e-2
9.3906536e-4  -4.0844066e-5  4.9883610e-6
LaF09  1
2.8195276     -1.1201321e-2  2.0015463e-2
8.6884631e-4  -5.8097672e-5  4.2752788e-6
LaF010  1
2.9745038     -1.4898498e-2  2.2058854e-2
7.4920730e-4  -4.2104743e-5  3.1048673e-6
LaF011  1
2.8900597     -1.0019535e-2  2.2727437e-2
7.8879254e-4  -3.6537624e-5  3.4291545e-6
LaF016  1
3.1437117     -1.5620045e-2  3.1893839e-2
1.7196133e-3  -9.6995128e-5  1.1680925e-5
LaSF01  1
3.1106620     -1.4462677e-2  2.6457698e-2
9.1877798e-4  -3.3951573e-5  3.3257840e-6
LaSF02  1
3.1536520     -1.5630638e-2  2.8741717e-2
8.0868084e-4  -1.0164635e-5  2.9615511e-6
LaSF03  1
3.1735908     -1.4865209e-2  2.9540210e-2
9.8366596e-4  -2.2979104e-5  3.8043975e-5
LaSF04  1
3.2126997     -1.5351370e-2  2.8440374e-2
7.9180171e-4  -1.7032771e-5  2.6219094e-6
LaSF05  1
3.2764855     -1.5309073e-2  3.0415926e-2
8.8670657e-4  -1.7183010e-5  2.7050718e-6
LaSF08  1
3.4415721     -1.4237538e-2  3.4731230e-2
1.0264409e-3  -1.6386952e-5  2.8714098e-6
LaSF09  1
3.2178118     -1.4296789e-2  2.7199504e-2
7.9036567e-4  -2.3850632e-5  2.0013066e-6
LaSF010  1
3.2618526     -1.5375794e-2  3.3152898e-2
1.4090033e-3  -5.5295605e-5  7.1360367e-6
LaSF013  1
3.1647389     -1.4742454e-2  3.0279435e-2
1.0475442e-3  -2.4957393e-5  4.4251949e-6
LaSF014  1
3.1227440     -1.5173059e-2  2.5766499e-2
5.5121032e-4  6.0710815e-6   4.8871364e-7
LaSF015  1
3.1767027     -1.5350032e-2  2.6690666e-2
7.0784089e-4  -1.5485093e-5  1.9530666e-6
LaSF016  1
3.0731081     -1.5043205e-2  2.3933518e-2
5.5696651e-4  -1.0082346e-5  1.1873265e-6
LaSF017  1
3.1439609     -1.5541721e-2  2.6648169e-2
7.7813143e-4  -1.9462248e-5  2.4668548e-6
LaSF021  1
3.3034137     -1.3868754e-2  3.7625274e-2
2.1067685e-3  -1.1821055e-4  1.4781395e-5
LaSF025  1
3.3972115     -1.5825501e-2  3.6818916e-2
1.7596445e-3  -8.4041673e-5  1.0522807e-5
LaSK01  1
3.0180334     -1.5399743e-2  2.1762822e-2
5.3963162e-4  -1.3760417e-5  9.9935993e-7
LaSK02  1
3.1224406     -1.5600077e-2  2.3832255e-2
7.2563954e-4  -3.0563799e-5  2.0883401e-6
KzF2  1
2.3006861     -9.8822575e-3  1.3878959e-2
1.6341277e-4  1.4393331e-5   -9.3322118e-8
KzF5  1
2.2793290     -1.0732907e-2  1.2001392e-2
5.8141137e-4  -4.6205948e-5  2.9557679e-6
KzFS4  1
2.5489492     -1.2922911e-2  1.8433588e-2
6.7483064e-4  -2.8837579e-5  3.0576030e-6
KzFS01  1
2.5501707     -1.3437030e-2  1.7880170e-2
7.7731388e-4  -4.3524220e-5  3.7158420e-6
KzFS5  1
2.6710924     -1.4217076e-2  2.1603010e-2
9.6518591e-4  -4.4920299e-5  4.6772985e-6
KzFS8  1
2.8729681     -1.3827318e-2  2.8196046e-2
1.3003025e-3  -5.2764004e-5  7.2423580e-6
KzFS35  1
2.6413378     -1.2997513e-2  2.1251890e-2
7.4166905e-4  -1.9814508e-5  3.0698879e-6
KzFS45  1
2.8619065     -1.2425617e-2  2.9889170e-2
1.0370691e-3  1.6015692e-6   4.4595212e-6
KzFS50  1
2.9271459     -1.1970157e-2  3.1922538e-2
1.5457537e-3  -6.3507309e-5  9.6835139e-6
KF8  1
2.2498663     -1.0009969e-2  1.0686269e-2
9.8510593e-4  -1.0138667e-4  7.0446543e-6
K10  1
2.2223245     -8.5760532e-3  1.0967698e-2
4.1693662e-4  -2.7463411e-5  2.1702530e-6
LLF8  1
2.3063389     -9.2994340e-3  1.4148541e-2
6.1944948e-4  -3.5421340e-5  4.3560988e-6
F16  1
2.4732588     -1.0524934e-2  1.9876763e-2
1.3151817e-3  -9.4064852e-5  1.0616142e-5

*****金属***** 0

Cr 2
5.902   7.811   -0.8134  0  0  0
16.558  -9.356  -1.4862  0  0  0
Cr2O3 2
1.8973397e1   -9.0775173e0   -6.3504973e0   1.2663523e0   -1.1881010e-1  4.2631828e-3
1.5095947e-1  -2.3050752e-2  -3.8163415e-2  2.7180719e-2  -3.6550997e-3  1.6899212e-4

Al 6
220.0	0.14	-2.35
240.0	0.16	-2.60
260.0	0.19	-2.85
280.0	0.22	-3.13
300.0	0.25	-3.35
320.0	0.28	-3.56
340.0	0.31	-3.80
360.0	0.34	-4.01
380.0	0.37	-4.25
400.0	0.40	-4.45
450.0	0.51	-5.00
500.0	0.62	-5.50
546.0	0.80	-5.92
578.0	0.93	-6.33
600.0	0.97	-6.33
650.0	1.24	-6.60
700.0	1.60	-7.00
750.0	1.80	-7.12
800.0	1.99	-7.05
850.0	2.08	-7.15
900.0	1.96	-7.70
950.0	1.75	-8.20
1000.0	1.45	-8.00
0
(光学薄膜フィルタデザイン(小檜山)より) 0

Ag 6
147.6	1.032	-0.61
151.2	0.993	-0.65
155.0	0.962	-0.71
159.0	0.940	-0.77
161.3	0.935	-0.83
167.5	0.936	-0.89
172.2	0.942	-0.95
177.1	0.953	-1.01
182.3	0.969	-1.07
187.9	0.995	-1.13
193.7	1.028	-1.18
196.8	1.048	-1.21
200.0	1.072	-1.24
203.3	1.098	-1.26
206.6	1.125	-1.27
213.8	1.173	-1.29
221.4	1.208	-1.30
229.6	1.238	-1.31
238.4	1.265	-1.33
248.0	1.298	-1.35
253.0	1.320	-1.35
258.3	1.343	-1.35
263.8	1.372	-1.35
269.5	1.404	-1.33
275.5	1.441	-1.31
281.8	1.476	-1.26
293.2	1.500	-1.13
296.8	1.536	-1.07
299.5	1.564	-1.01
302.9	1.556	-0.90
305.2	1.543	-0.80
308.6	1.470	-0.69
312.8	1.343	-0.54
315.3	1.248	-0.47
318.7	1.083	-0.39
322.7	0.877	-0.34
325.7	0.622	-0.27
328.0	0.389	-0.39
330.0	0.282	-0.53
333.0	0.207	-0.71
336.8	0.174	-0.88
341.5	0.161	-1.04
345.9	0.136	-1.14
352.8	0.108	-1.31
356.5	0.098	-1.38
360.7	0.093	-1.47
366.2	0.087	-1.56
370.4	0.084	-1.63
374.1	0.083	-1.69
382.2	0.080	-1.81
394.5	0.081	-1.97
404.0	0.084	-2.09
450.0	0.055	-2.42
500.0	0.050	-2.87
550.0	0.055	-3.32
600.0	0.060	-3.75
650.0	0.070	-4.20
700.0	0.075	-4.60
750.0	0.080	-5.05
800.0	0.090	-5.45
850.0	0.100	-5.85
900.0	0.105	-6.22
950.0	0.110	-6.56
1000.0	0.129	-6.83
1319.0	0.392	-8.06
1348.0	0.401	-8.21
1378.0	0.411	-8.37
1442.0	0.431	-8.70
1476.0	0.442	-8.88
1512.0	0.455	-9.08
1550.0	0.469	-9.32
1590.0	0.485	-9.57
1631.0	0.501	-9.84
1675.0	0.519	-10.10
1722.0	0.537	-10.40
1771.0	0.557	-10.70
1879.0	0.600	-11.40
2000.0	0.650	-12.20
2296.0	0.828	-14.00
2384.0	0.878	-14.50
2480.0	0.939	-15.10
2583.0	1.007	-15.70
2695.0	1.083	-16.40
2818.0	1.168	-17.10
2952.0	1.265	-17.90
3100.0	1.387	-18.80
3263.0	1.536	-19.80
3444.0	1.710	-20.90
3467.0	1.915	-22.10
3875.0	2.160	-23.50
4133.0	2.446	-25.10
4428.0	2.786	-26.90
4769.0	3.202	-29.00
5166.0	3.732	-31.30
5636.0	4.425	-34.00
6199.0	5.355	-37.00
6526.0	5.960	-38.60
6888.0	6.670	-40.40
7293.0	7.461	-42.50
7749.0	8.376	-44.80
8266.0	9.441	-47.10
8856.0	10.690	-49.40
9537.0	12.210	-52.20
9919.0	13.110	-53.70
0
(光学薄膜フィルタデザイン(小檜山)より) 0

Au 6
206.6	1.422	-1.306
210.1	1.430	-1.334
213.8	1.432	-1.364
217.5	1.438	-1.388
221.4	1.442	-1.418
225.4	1.452	-1.442
229.6	1.454	-1.478
233.9	1.462	-1.510
238.4	1.470	-1.550
243.1	1.478	-1.590
248.0	1.484	-1.636
253.0	1.490	-1.698
258.3	1.504	-1.748
263.8	1.546	-1.784
269.5	1.598	-1.822
275.5	1.648	-1.852
281.8	1.690	-1.882
288.3	1.742	-1.900
295.2	1.776	-1.918
302.4	1.812	-1.920
310.0	1.830	-1.916
317.9	1.840	-1.904
326.3	1.824	-1.878
335.1	1.798	-1.860
344.4	1.766	-1.846
354.2	1.740	-1.848
364.7	1.716	-1.862
375.7	1.696	-1.906
387.5	1.674	-1.936
400.0	1.658	-1.956
413.3	1.636	-1.958
427.5	1.616	-1.940
442.8	1.562	-1.904
459.2	1.426	-1.846
476.9	1.242	-1.796
495.9	0.916	-1.840
516.6	0.608	-2.120
539.1	0.402	-2.540
563.6	0.306	-2.880
652.6	0.166	-3.150
688.8	0.160	-3.800
729.3	0.164	-4.350
774.9	0.174	-4.860
826.6	0.188	-5.390
885.6	0.210	-5.880
953.7	0.236	-6.470
1033.0	0.272	-7.070
1127.0	0.312	-7.930
1240.0	0.372	-8.770
1378.0	0.458	-9.720
1550.0	0.550	-11.500
2066.0	0.976	-15.100
2480.0	1.205	-15.500
2583.0	1.287	-16.100
2695.0	1.379	-16.800
2818.0	1.482	-17.500
2952.0	1.598	-18.300
3100.0	1.728	-19.200
3179.0	1.800	-19.700
3263.0	1.876	-20.200
3351.0	1.958	-20.700
3444.0	2.046	-21.300
3542.0	2.141	-21.900
3757.0	2.354	-23.100
3875.0	2.471	-23.900
4000.0	2.600	-24.600
4133.0	2.749	-25.400
4275.0	2.912	-26.300
4428.0	3.091	-27.200
4592.0	3.289	-28.200
4769.0	3.507	-29.300
4959.0	3.748	-30.500
5166.0	4.007	-31.700
5391.0	4.292	-32.900
5636.0	4.611	-34.300
5904.0	4.971	-35.900
6199.0	5.423	-37.500
6358.0	5.684	-38.300
6526.0	5.966	-39.100
6702.0	6.270	-40.100
6888.0	6.598	-41.000
7085.0	6.937	-42.000
7293.0	7.282	-43.000
7514.0	7.655	-44.100
7749.0	8.060	-45.200
7999.0	8.500	-46.400
8266.0	9.016	-47.600
8551.0	9.582	-48.800
8856.0	10.210	-50.200
9184.0	10.840	-51.600
9537.0	11.510	-53.100
9919.0	12.240	-54.700
0
(光学薄膜フィルタデザイン(小檜山)より) 0

Si 6
350  5.16193  -1.54
360  5.12198  -1.47
370  5.08255  -1.41
380  5.04364  -1.35
390  5.00524  -1.29
400  4.96737  -1.23
410  4.93002  -1.18
420  4.89319  -1.12
430  4.85687  -1.07
440  4.82108  -1.02
450  4.78581  -0.96
460  4.75105  -0.91
470  4.71682  -0.87
480  4.68311  -0.82
490  4.64991  -0.77
500  4.61724  -0.73
510  4.58508  -0.69
520  4.55345  -0.64
530  4.52233  -0.60
540  4.49174  -0.57
550  4.46166  -0.53
560  4.43211  -0.49
570  4.40307  -0.46
580  4.37456  -0.42
590  4.34656  -0.39
600  4.31909  -0.36
610  4.29213  -0.33
620  4.26570  -0.30
630  4.23978  -0.27
640  4.21438  -0.25
650  4.18951  -0.23
660  4.16515  -0.20
670  4.14131  -0.18
680  4.11800  -0.16
690  4.09520  -0.14
700  4.07292  -0.12
710  4.05166  -0.11
720  4.02993  -0.09
730  4.00921  -0.08
740  3.98901  -0.07
750  3.96933  -0.06
760  3.95017  -0.05
770  3.93153  -0.04
780  3.91342  -0.03
790  3.89582  -0.03
800  3.87874  -0.02
810  3.86218  -0.02
820  3.84614  -0.02
830  3.83062  -0.02
840  3.81562  -0.02
850  3.80114  -0.02
860  3.78718  -0.03
870  3.77374  -0.03
880  3.76082  -0.04
890  3.74842  -0.05
900  3.73654  -0.06
0
(光学薄膜フィルタデザイン(小檜山)より) 0

selfoc300 11
2
632.8 1.608 0.304
830   1.600 0.298
1300  1.592 0.295
1560  1.592 0.294
0

TFCalcデモ版より 0

MgF2_TFCalc 4 1.38 0

SiO2_TFCalc 6
300 1.48 0
400 1.47 0
500 1.46 0
600 1.45 0
700 1.45 0
800 1.44 0
0

TiO2_TFCalc 6
300 2.6  0
400 2.52 0
500 2.42 0
600 2.35 0
700 2.33 0
800 2.3  0
0

test 6
300 1.5 0
400 1.5 0
500 1.5 0
599 1.5 0
600 1   0
700 1   0
800 1   0
0

--LIGHTPATH社のガラス----- 0

ECO-550 6
486.1  1.61341 0
546.1  1.60786 0
587.6  1.60500 0
632.8  1.60251 0
656.3  1.60141 0
670.0  1.60095 0
706.5  1.59940 0
780.0  1.59708 0
852.1  1.59528 0
1014.0 1.59227 0
1300.0 1.58850 0
1550.0 1.58572 0
0

--Wide-field_optical_model_of_the_human_eye..J.Polansより 0

VitreousHumor_Polans  1
1.7494 -5.2758e-4 1.4299e-2 -1.4114e-3 1.1750e-4 8.6476e-7

AqueousHumor_Polans 1
1.7471 -2.5796e-4 1.5845e-2 -1.7850e-3 1.5126e-4 7.3259e-7

Cornea_Polans 1
1.8535 2.8269e-4 1.6610e-2 -1.8719e-3 1.6283e-4 1.5807e-7



